,ts_code,trade_date,count
0,000023.SZ,20210805,7.0
1,000030.SZ,20210806,6.0
2,000059.SZ,20210810,4.0
3,000407.SZ,20210810,4.0
4,000421.SZ,20210806,6.0
5,000422.SZ,20210810,4.0
6,000430.SZ,20210811,3.0
8,000524.SZ,20210811,3.0
10,000534.SZ,20210811,3.0
11,000552.SZ,20210809,5.0
12,000559.SZ,20210806,6.0
13,000581.SZ,20210803,9.0
14,000582.SZ,20210810,4.0
15,000596.SZ,20210811,3.0
16,000597.SZ,20210811,3.0
19,000661.SZ,20210811,3.0
22,000676.SZ,20210806,6.0
23,000678.SZ,20210804,8.0
24,000682.SZ,20210806,6.0
25,000686.SZ,20210811,3.0
27,000690.SZ,20210810,4.0
28,000705.SZ,20210806,6.0
29,000717.SZ,20210810,4.0
30,000720.SZ,20210811,3.0
31,000759.SZ,20210806,6.0
33,000789.SZ,20210811,3.0
34,000822.SZ,20210805,7.0
35,000829.SZ,20210811,3.0
36,000833.SZ,20210810,4.0
37,000885.SZ,20210811,3.0
38,000898.SZ,20210805,7.0
39,000905.SZ,20210811,3.0
40,000911.SZ,20210810,4.0
41,000917.SZ,20210809,5.0
42,000948.SZ,20210811,3.0
45,000983.SZ,20210805,7.0
46,001208.SZ,20210803,9.0
47,001965.SZ,20210811,3.0
48,002009.SZ,20210810,4.0
51,002085.SZ,20210811,3.0
52,002155.SZ,20210810,4.0
53,002178.SZ,20210811,3.0
54,002201.SZ,20210810,4.0
55,002226.SZ,20210809,5.0
56,002249.SZ,20210810,4.0
57,002256.SZ,20210729,12.0
58,002262.SZ,20210811,3.0
59,002302.SZ,20210811,3.0
60,002312.SZ,20210810,4.0
61,002318.SZ,20210811,3.0
62,002319.SZ,20210811,3.0
63,002351.SZ,20210806,6.0
65,002369.SZ,20210811,3.0
66,002391.SZ,20210806,6.0
67,002421.SZ,20210811,3.0
71,002486.SZ,20210811,3.0
72,002522.SZ,20210805,7.0
73,002529.SZ,20210810,4.0
74,002538.SZ,20210811,3.0
75,002540.SZ,20210810,4.0
76,002551.SZ,20210811,3.0
77,002562.SZ,20210806,6.0
78,002573.SZ,20210806,6.0
79,002585.SZ,20210806,6.0
80,002588.SZ,20210805,7.0
82,002599.SZ,20210811,3.0
83,002610.SZ,20210809,5.0
84,002627.SZ,20210811,3.0
87,002664.SZ,20210811,3.0
88,002677.SZ,20210811,3.0
89,002682.SZ,20210811,3.0
90,002687.SZ,20210809,5.0
91,002697.SZ,20210811,3.0
93,002768.SZ,20210811,3.0
94,002771.SZ,20210806,6.0
95,002772.SZ,20210811,3.0
97,002783.SZ,20210810,4.0
98,002841.SZ,20210811,3.0
99,002855.SZ,20210810,4.0
100,002861.SZ,20210811,3.0
101,002871.SZ,20210806,6.0
102,002882.SZ,20210811,3.0
103,002900.SZ,20210811,3.0
104,002915.SZ,20210809,5.0
105,002917.SZ,20210811,3.0
106,002948.SZ,20210806,6.0
107,002966.SZ,20210811,3.0
108,002972.SZ,20210805,7.0
109,002988.SZ,20210805,7.0
110,003006.SZ,20210811,3.0
111,003010.SZ,20210806,6.0
112,003019.SZ,20210811,3.0
113,003026.SZ,20210811,3.0
114,003031.SZ,20210811,3.0
115,300016.SZ,20210811,3.0
116,300021.SZ,20210809,5.0
118,300155.SZ,20210811,3.0
119,300162.SZ,20210809,5.0
120,300173.SZ,20210811,3.0
121,300195.SZ,20210811,3.0
122,300247.SZ,20210809,5.0
123,300258.SZ,20210811,3.0
124,300314.SZ,20210811,3.0
125,300332.SZ,20210811,3.0
126,300393.SZ,20210809,5.0
127,300401.SZ,20210810,4.0
128,300428.SZ,20210811,3.0
129,300454.SZ,20210811,3.0
130,300471.SZ,20210809,5.0
131,300492.SZ,20210811,3.0
132,300510.SZ,20210809,5.0
133,300534.SZ,20210809,5.0
134,300547.SZ,20210809,5.0
135,300565.SZ,20210809,5.0
136,300575.SZ,20210811,3.0
137,300587.SZ,20210810,4.0
138,300618.SZ,20210810,4.0
139,300639.SZ,20210806,6.0
140,300658.SZ,20210811,3.0
141,300681.SZ,20210811,3.0
142,300710.SZ,20210811,3.0
143,300805.SZ,20210811,3.0
144,300827.SZ,20210727,14.0
145,300830.SZ,20210806,6.0
146,300868.SZ,20210806,6.0
147,300908.SZ,20210811,3.0
148,300920.SZ,20210811,3.0
149,300949.SZ,20210806,6.0
150,300980.SZ,20210810,4.0
151,300983.SZ,20210805,7.0
152,300985.SZ,20210809,5.0
153,300988.SZ,20210811,3.0
154,300989.SZ,20210811,3.0
155,300991.SZ,20210811,3.0
156,300992.SZ,20210806,6.0
157,301005.SZ,20210810,4.0
158,301006.SZ,20210811,3.0
159,301007.SZ,20210810,4.0
160,301009.SZ,20210811,3.0
161,301013.SZ,20210810,4.0
162,301020.SZ,20210810,4.0
163,301033.SZ,20210810,4.0
164,301037.SZ,20210811,3.0
165,301038.SZ,20210811,3.0
166,600022.SH,20210805,7.0
167,600032.SH,20210810,4.0
168,600051.SH,20210806,6.0
169,600054.SH,20210811,3.0
171,600080.SH,20210811,3.0
173,600096.SH,20210810,4.0
174,600103.SH,20210805,7.0
175,600123.SH,20210809,5.0
176,600130.SH,20210811,3.0
177,600138.SH,20210811,3.0
179,600141.SH,20210810,4.0
180,600143.SH,20210811,3.0
183,600172.SH,20210811,3.0
185,600201.SH,20210811,3.0
186,600218.SH,20210803,9.0
187,600231.SH,20210810,4.0
190,600273.SH,20210803,9.0
191,600277.SH,20210804,8.0
193,600307.SH,20210805,7.0
195,600329.SH,20210811,3.0
196,600333.SH,20210806,6.0
197,600352.SH,20210805,7.0
198,600360.SH,20210811,3.0
199,600361.SH,20210723,16.0
200,600367.SH,20210810,4.0
201,600379.SH,20210809,5.0
202,600388.SH,20210804,8.0
203,600416.SH,20210806,6.0
204,600452.SH,20210806,6.0
205,600470.SH,20210805,7.0
206,600475.SH,20210810,4.0
207,600476.SH,20210811,3.0
208,600502.SH,20210810,4.0
209,600516.SH,20210810,4.0
210,600525.SH,20210810,4.0
211,600538.SH,20210810,4.0
212,600540.SH,20210811,3.0
214,600569.SH,20210810,4.0
215,600575.SH,20210811,3.0
216,600578.SH,20210810,4.0
217,600587.SH,20210811,3.0
218,600596.SH,20210810,4.0
220,600605.SH,20210811,3.0
222,600617.SH,20210811,3.0
224,600644.SH,20210805,7.0
225,600655.SH,20210811,3.0
227,600689.SH,20210811,3.0
229,600702.SH,20210811,3.0
230,600720.SH,20210811,3.0
231,600754.SH,20210811,3.0
232,600777.SH,20210810,4.0
233,600792.SH,20210803,9.0
234,600794.SH,20210811,3.0
235,600795.SH,20210810,4.0
236,600807.SH,20210810,4.0
237,600808.SH,20210803,9.0
239,600843.SH,20210806,6.0
240,600850.SH,20210811,3.0
242,600903.SH,20210811,3.0
243,600917.SH,20210810,4.0
245,600982.SH,20210806,6.0
246,600993.SH,20210811,3.0
248,601069.SH,20210810,4.0
249,601111.SH,20210806,6.0
250,601118.SH,20210811,3.0
251,601126.SH,20210805,7.0
252,601211.SH,20210811,3.0
253,601388.SH,20210810,4.0
254,601399.SH,20210810,4.0
255,601515.SH,20210811,3.0
256,601568.SH,20210811,3.0
257,601579.SH,20210811,3.0
258,601619.SH,20210809,5.0
259,601702.SH,20210809,5.0
260,601778.SH,20210805,7.0
261,603010.SH,20210810,4.0
262,603013.SH,20210805,7.0
263,603025.SH,20210811,3.0
264,603033.SH,20210809,5.0
265,603053.SH,20210806,6.0
266,603055.SH,20210805,7.0
267,603131.SH,20210811,3.0
268,603161.SH,20210805,7.0
269,603167.SH,20210806,6.0
270,603188.SH,20210811,3.0
271,603199.SH,20210810,4.0
272,603200.SH,20210811,3.0
273,603214.SH,20210811,3.0
274,603218.SH,20210811,3.0
275,603260.SH,20210805,7.0
276,603266.SH,20210811,3.0
277,603299.SH,20210805,7.0
278,603308.SH,20210811,3.0
279,603330.SH,20210811,3.0
280,603335.SH,20210809,5.0
281,603367.SH,20210811,3.0
282,603369.SH,20210811,3.0
283,603379.SH,20210809,5.0
284,603398.SH,20210811,3.0
285,603527.SH,20210805,7.0
287,603565.SH,20210809,5.0
288,603613.SH,20210811,3.0
289,603618.SH,20210805,7.0
290,603639.SH,20210810,4.0
291,603676.SH,20210811,3.0
292,603687.SH,20210811,3.0
293,603757.SH,20210804,8.0
294,603766.SH,20210806,6.0
295,603768.SH,20210810,4.0
296,603790.SH,20210811,3.0
297,603798.SH,20210811,3.0
298,603822.SH,20210806,6.0
299,603825.SH,20210806,6.0
300,603829.SH,20210805,7.0
301,603838.SH,20210806,6.0
303,603868.SH,20210811,3.0
304,603895.SH,20210805,7.0
305,603918.SH,20210811,3.0
306,603948.SH,20210811,3.0
307,603958.SH,20210811,3.0
308,603982.SH,20210811,3.0
309,605001.SH,20210806,6.0
310,605020.SH,20210805,7.0
311,605050.SH,20210806,6.0
312,605128.SH,20210811,3.0
313,605155.SH,20210806,6.0
314,605162.SH,20210810,4.0
315,605208.SH,20210811,3.0
316,605222.SH,20210806,6.0
317,605366.SH,20210811,3.0
318,605368.SH,20210811,3.0
319,605399.SH,20210811,3.0
320,688028.SH,20210811,3.0
321,688056.SH,20210811,3.0
322,688057.SH,20210811,3.0
323,688066.SH,20210811,3.0
324,688090.SH,20210811,3.0
325,688208.SH,20210811,3.0
326,688229.SH,20210809,5.0
327,688314.SH,20210811,3.0
328,688335.SH,20210811,3.0
329,688513.SH,20210811,3.0
330,688579.SH,20210806,6.0
331,688621.SH,20210810,4.0
332,688659.SH,20210805,7.0
333,688668.SH,20210811,3.0
334,688768.SH,20210809,5.0
